    0.00     0.000    17.662     0.500  0.177E+02  0.500E+00
    0.05     0.491    19.192     9.351  0.128E+10  0.731E-08
    0.10     0.981    20.722     9.871  0.128E+10  0.771E-08
    0.15     1.472    22.252    10.390  0.128E+10  0.812E-08
    0.20     1.962    23.782    10.910  0.128E+10  0.852E-08
    0.25     2.453    25.312    11.430  0.128E+10  0.893E-08
    0.30     2.943    26.842    11.950  0.128E+10  0.934E-08
    0.35     3.434    28.372    12.469  0.128E+10  0.974E-08
    0.40     3.924    29.903    12.989  0.128E+10  0.101E-07
    0.45     4.415    31.433    13.509  0.128E+10  0.106E-07
    0.50     4.905    32.963    14.029  0.506E+10  0.277E-08
    0.55     5.518    34.875    14.679  0.506E+10  0.290E-08
    0.60     6.131    36.788    15.328  0.506E+10  0.303E-08
    0.65     6.744    38.701    15.978  0.506E+10  0.316E-08
    0.70     7.358    40.613    16.628  0.506E+10  0.328E-08
    0.75     7.971    42.526    17.278  0.506E+10  0.341E-08
    0.80     8.584    44.438    17.927  0.506E+10  0.354E-08
    0.85     9.197    46.351    18.577  0.506E+10  0.367E-08
    0.90     9.810    48.263    19.227  0.506E+10  0.380E-08
    0.95    10.423    50.176    19.876  0.506E+10  0.393E-08
    1.00    11.036    52.089    20.526  0.106E+11  0.194E-08
    1.05    11.723    54.231    21.254  0.106E+11  0.201E-08
    1.10    12.410    56.373    21.982  0.106E+11  0.208E-08
    1.15    13.096    58.515    22.709  0.106E+11  0.215E-08
    1.20    13.783    60.657    23.437  0.106E+11  0.221E-08
    1.25    14.470    62.799    24.165  0.106E+11  0.228E-08
    1.30    15.156    64.941    24.892  0.106E+11  0.235E-08
    1.35    15.843    67.083    25.620  0.106E+11  0.242E-08
    1.40    16.530    69.226    26.348  0.106E+11  0.249E-08
    1.45    17.217    71.368    27.076  0.106E+11  0.256E-08
    1.50    17.903    73.510    27.803  0.106E+11  0.263E-08
    1.55    18.590    75.652    28.531  0.106E+11  0.270E-08
    1.60    19.277    77.794    29.259  0.106E+11  0.276E-08
    1.65    19.963    79.936    29.986  0.106E+11  0.283E-08
    1.70    20.650    82.078    30.714  0.106E+11  0.290E-08
    1.75    21.337    84.220    31.442  0.106E+11  0.297E-08
    1.80    22.023    86.362    32.170  0.106E+11  0.304E-08
    1.85    22.710    88.505    32.897  0.106E+11  0.311E-08
    1.90    23.397    90.647    33.625  0.106E+11  0.318E-08
    1.95    24.084    92.789    34.353  0.106E+11  0.325E-08
    2.00    24.770    94.931    35.080  0.182E+11  0.192E-08
    2.05    25.506    97.226    35.860  0.182E+11  0.197E-08
    2.10    26.242    99.521    36.640  0.182E+11  0.201E-08
    2.15    26.978   101.816    37.419  0.182E+11  0.205E-08
    2.20    27.713   104.111    38.199  0.182E+11  0.210E-08
    2.25    28.449   106.407    38.979  0.182E+11  0.214E-08
    2.30    29.185   108.702    39.758  0.182E+11  0.218E-08
    2.35    29.921   110.997    40.538  0.182E+11  0.222E-08
    2.40    30.656   113.292    41.318  0.182E+11  0.227E-08
    2.45    31.392   115.587    42.098  0.182E+11  0.231E-08
    2.50    32.128   117.882    42.877  0.182E+11  0.235E-08
    2.55    32.864   120.177    43.657  0.182E+11  0.240E-08
    2.60    33.599   122.472    44.437  0.182E+11  0.244E-08
    2.65    34.335   124.767    45.216  0.182E+11  0.248E-08
    2.70    35.071   127.063    45.996  0.182E+11  0.252E-08
    2.75    35.807   129.358    46.776  0.182E+11  0.257E-08
    2.80    36.542   131.653    47.555  0.182E+11  0.261E-08
    2.85    37.278   133.948    48.335  0.182E+11  0.265E-08
    2.90    38.014   136.243    49.115  0.182E+11  0.269E-08
    2.95    38.750   138.538    49.894  0.182E+11  0.274E-08
    3.00    39.485   140.833    50.674  0.182E+11  0.278E-08
    3.05    40.221   143.128    51.454  0.182E+11  0.282E-08
    3.10    40.957   145.424    52.233  0.182E+11  0.287E-08
    3.15    41.693   147.719    53.013  0.182E+11  0.291E-08
    3.20    42.428   150.014    53.793  0.182E+11  0.295E-08
    3.25    43.164   152.309    54.572  0.182E+11  0.299E-08
    3.30    43.900   154.604    55.352  0.182E+11  0.304E-08
    3.35    44.636   156.899    56.132  0.182E+11  0.308E-08
    3.40    45.371   159.194    56.912  0.182E+11  0.312E-08
    3.45    46.107   161.489    57.691  0.182E+11  0.317E-08
    3.50    46.843   163.785    58.471  0.182E+11  0.321E-08
    3.55    47.579   166.080    59.251  0.182E+11  0.325E-08
    3.60    48.314   168.375    60.030  0.182E+11  0.329E-08
    3.65    49.050   170.670    60.810  0.182E+11  0.334E-08
    3.70    49.786   172.965    61.590  0.182E+11  0.338E-08
    3.75    50.522   175.260    62.369  0.182E+11  0.342E-08
    3.80    51.257   177.555    63.149  0.182E+11  0.346E-08
    3.85    51.993   179.850    63.929  0.182E+11  0.351E-08
    3.90    52.729   182.145    64.708  0.182E+11  0.355E-08
    3.95    53.465   184.441    65.488  0.182E+11  0.359E-08
    4.00    54.200   186.736    66.268  0.294E+11  0.225E-08
    4.05    55.034   189.337    67.151  0.294E+11  0.228E-08
    4.10    55.868   191.938    68.035  0.294E+11  0.231E-08
    4.15    56.702   194.539    68.919  0.294E+11  0.234E-08
    4.20    57.536   197.140    69.802  0.294E+11  0.237E-08
    4.25    58.370   199.741    70.686  0.294E+11  0.240E-08
    4.30    59.203   202.343    71.570  0.294E+11  0.243E-08
    4.35    60.037   204.944    72.453  0.294E+11  0.246E-08
    4.40    60.871   207.545    73.337  0.294E+11  0.249E-08
    4.45    61.705   210.146    74.221  0.294E+11  0.252E-08
    4.50    62.539   212.747    75.104  0.294E+11  0.255E-08
    4.55    63.373   215.348    75.988  0.294E+11  0.258E-08
    4.60    64.206   217.949    76.871  0.294E+11  0.261E-08
    4.65    65.040   220.550    77.755  0.294E+11  0.264E-08
    4.70    65.874   223.152    78.639  0.294E+11  0.267E-08
    4.75    66.708   225.753    79.522  0.294E+11  0.270E-08
    4.80    67.542   228.354    80.406  0.294E+11  0.273E-08
    4.85    68.376   230.955    81.290  0.294E+11  0.276E-08
    4.90    69.210   233.556    82.173  0.294E+11  0.279E-08
    4.95    70.043   236.157    83.057  0.294E+11  0.282E-08
    5.00    70.877   238.758    83.941  0.294E+11  0.285E-08
    5.05    71.711   241.360    84.824  0.294E+11  0.288E-08
    5.10    72.545   243.961    85.708  0.294E+11  0.291E-08
    5.15    73.379   246.562    86.592  0.294E+11  0.294E-08
    5.20    74.213   249.163    87.475  0.294E+11  0.298E-08
    5.25    75.047   251.764    88.359  0.294E+11  0.301E-08
    5.30    75.880   254.365    89.242  0.294E+11  0.304E-08
    5.35    76.714   256.966    90.126  0.294E+11  0.307E-08
    5.40    77.548   259.568    91.010  0.294E+11  0.310E-08
    5.45    78.382   262.169    91.893  0.294E+11  0.313E-08
    5.50    79.216   264.770    92.777  0.294E+11  0.316E-08
    5.55    80.050   267.371    93.661  0.294E+11  0.319E-08
    5.60    80.883   269.972    94.544  0.294E+11  0.322E-08
    5.65    81.717   272.573    95.428  0.294E+11  0.325E-08
    5.70    82.551   275.174    96.312  0.294E+11  0.328E-08
    5.75    83.385   277.775    97.195  0.294E+11  0.331E-08
    5.80    84.219   280.377    98.079  0.294E+11  0.334E-08
    5.85    85.053   282.978    98.963  0.294E+11  0.337E-08
    5.90    85.887   285.579    99.846  0.294E+11  0.340E-08
    5.95    86.720   288.180   100.730  0.294E+11  0.343E-08
    6.00    87.554   290.781   101.613  0.294E+11  0.346E-08
    6.05    88.388   293.382   102.497  0.294E+11  0.349E-08
    6.10    89.222   295.983   103.381  0.294E+11  0.352E-08
    6.15    90.056   298.585   104.264  0.294E+11  0.355E-08
    6.20    90.890   301.186   105.148  0.294E+11  0.358E-08
    6.25    91.724   303.787   106.032  0.294E+11  0.361E-08
    6.30    92.557   306.388   106.915  0.294E+11  0.364E-08
    6.35    93.391   308.989   107.799  0.294E+11  0.367E-08
    6.40    94.225   311.590   108.683  0.294E+11  0.370E-08
    6.45    95.059   314.191   109.566  0.294E+11  0.373E-08
    6.50    95.893   316.792   110.450  0.294E+11  0.376E-08
    6.55    96.727   319.394   111.334  0.294E+11  0.379E-08
    6.60    97.560   321.995   112.217  0.294E+11  0.382E-08
    6.65    98.394   324.596   113.101  0.294E+11  0.385E-08
    6.70    99.228   327.197   113.984  0.294E+11  0.388E-08
    6.75   100.062   329.798   114.868  0.294E+11  0.391E-08
    6.80   100.896   332.399   115.752  0.294E+11  0.394E-08
    6.85   101.730   335.000   116.635  0.294E+11  0.397E-08
    6.90   102.564   337.602   117.519  0.294E+11  0.400E-08
    6.95   103.397   340.203   118.403  0.294E+11  0.403E-08
    7.00   104.231   342.804   119.286  0.294E+11  0.406E-08
    7.05   105.065   345.405   120.170  0.294E+11  0.409E-08
    7.10   105.899   348.006   121.054  0.294E+11  0.412E-08
    7.15   106.733   350.607   121.937  0.294E+11  0.415E-08
    7.20   107.567   353.208   122.821  0.294E+11  0.418E-08
    7.25   108.401   355.810   123.705  0.294E+11  0.421E-08
    7.30   109.234   358.411   124.588  0.294E+11  0.424E-08
    7.35   110.068   361.012   125.472  0.294E+11  0.427E-08
    7.40   110.902   363.613   126.355  0.294E+11  0.430E-08
    7.45   111.736   366.214   127.239  0.294E+11  0.433E-08
    7.50   112.570   368.815   128.123  0.294E+11  0.436E-08
    7.55   113.404   371.416   129.006  0.294E+11  0.439E-08
    7.60   114.237   374.017   129.890  0.294E+11  0.442E-08
    7.65   115.071   376.619   130.774  0.294E+11  0.445E-08
    7.70   115.905   379.220   131.657  0.294E+11  0.448E-08
    7.75   116.739   381.821   132.541  0.294E+11  0.451E-08
    7.80   117.573   384.422   133.425  0.294E+11  0.454E-08
    7.85   118.407   387.023   134.308  0.294E+11  0.457E-08
    7.90   119.241   389.624   135.192  0.294E+11  0.460E-08
    7.95   120.074   392.225   136.076  0.294E+11  0.463E-08
    8.00   120.908   394.827   136.959  0.318E+11  0.431E-08
    8.05   121.767   397.504   137.869  0.318E+11  0.434E-08
    8.10   122.625   400.182   138.778  0.318E+11  0.437E-08
    8.15   123.483   402.859   139.688  0.318E+11  0.439E-08
    8.20   124.342   405.537   140.598  0.318E+11  0.442E-08
    8.25   125.200   408.215   141.507  0.318E+11  0.445E-08
    8.30   126.059   410.892   142.417  0.318E+11  0.448E-08
    8.35   126.917   413.570   143.327  0.318E+11  0.451E-08
    8.40   127.775   416.248   144.236  0.318E+11  0.454E-08
    8.45   128.634   418.925   145.146  0.318E+11  0.457E-08
    8.50   129.492   421.603   146.055  0.318E+11  0.459E-08
    8.55   130.350   424.281   146.965  0.318E+11  0.462E-08
    8.60   131.209   426.958   147.875  0.318E+11  0.465E-08
    8.65   132.067   429.636   148.784  0.318E+11  0.468E-08
    8.70   132.926   432.314   149.694  0.318E+11  0.471E-08
    8.75   133.784   434.991   150.604  0.318E+11  0.474E-08
    8.80   134.642   437.669   151.513  0.318E+11  0.477E-08
    8.85   135.501   440.346   152.423  0.318E+11  0.479E-08
    8.90   136.359   443.024   153.333  0.318E+11  0.482E-08
    8.95   137.217   445.702   154.242  0.318E+11  0.485E-08
    9.00   138.076   448.379   155.152  0.318E+11  0.488E-08
    9.05   138.934   451.057   156.061  0.318E+11  0.491E-08
    9.10   139.793   453.735   156.971  0.318E+11  0.494E-08
    9.15   140.651   456.412   157.881  0.318E+11  0.497E-08
    9.20   141.509   459.090   158.790  0.318E+11  0.499E-08
    9.25   142.368   461.768   159.700  0.318E+11  0.502E-08
    9.30   143.226   464.445   160.610  0.318E+11  0.505E-08
    9.35   144.084   467.123   161.519  0.318E+11  0.508E-08
    9.40   144.943   469.800   162.429  0.318E+11  0.511E-08
    9.45   145.801   472.478   163.338  0.318E+11  0.514E-08
    9.50   146.660   475.156   164.248  0.318E+11  0.517E-08
    9.55   147.518   477.833   165.158  0.318E+11  0.520E-08
    9.60   148.376   480.511   166.067  0.318E+11  0.522E-08
    9.65   149.235   483.189   166.977  0.318E+11  0.525E-08
    9.70   150.093   485.866   167.887  0.318E+11  0.528E-08
    9.75   150.951   488.544   168.796  0.318E+11  0.531E-08
    9.80   151.810   491.222   169.706  0.318E+11  0.534E-08
    9.85   152.668   493.899   170.616  0.318E+11  0.537E-08
    9.90   153.527   496.577   171.525  0.318E+11  0.540E-08
    9.95   154.385   499.255   172.435  0.318E+11  0.542E-08
   10.00   155.243   501.932   173.344  0.318E+11  0.545E-08
   10.05   156.102   504.610   174.254  0.318E+11  0.548E-08
   10.10   156.960   507.287   175.164  0.318E+11  0.551E-08
   10.15   157.818   509.965   176.073  0.318E+11  0.554E-08
   10.20   158.677   512.643   176.983  0.318E+11  0.557E-08
   10.25   159.535   515.320   177.893  0.318E+11  0.560E-08
   10.30   160.394   517.998   178.802  0.318E+11  0.562E-08
   10.35   161.252   520.676   179.712  0.318E+11  0.565E-08
   10.40   162.110   523.353   180.622  0.318E+11  0.568E-08
   10.45   162.969   526.031   181.531  0.318E+11  0.571E-08
   10.50   163.827   528.709   182.441  0.318E+11  0.574E-08
   10.55   164.685   531.386   183.350  0.318E+11  0.577E-08
   10.60   165.544   534.064   184.260  0.318E+11  0.580E-08
   10.65   166.402   536.741   185.170  0.318E+11  0.582E-08
   10.70   167.261   539.419   186.079  0.318E+11  0.585E-08
   10.75   168.119   542.097   186.989  0.318E+11  0.588E-08
   10.80   168.977   544.774   187.899  0.318E+11  0.591E-08
   10.85   169.836   547.452   188.808  0.318E+11  0.594E-08
   10.90   170.694   550.130   189.718  0.318E+11  0.597E-08
   10.95   171.552   552.807   190.627  0.318E+11  0.600E-08
   11.00   172.411   555.485   191.537  0.318E+11  0.603E-08
   11.05   173.269   558.163   192.447  0.318E+11  0.605E-08
   11.10   174.128   560.840   193.356  0.318E+11  0.608E-08
   11.15   174.986   563.518   194.266  0.318E+11  0.611E-08
   11.20   175.844   566.195   195.176  0.318E+11  0.614E-08
   11.25   176.703   568.873   196.085  0.318E+11  0.617E-08
   11.30   177.561   571.551   196.995  0.318E+11  0.620E-08
   11.35   178.419   574.228   197.905  0.318E+11  0.623E-08
   11.40   179.278   576.906   198.814  0.318E+11  0.625E-08
   11.45   180.136   579.584   199.724  0.318E+11  0.628E-08
   11.50   180.995   582.261   200.633  0.318E+11  0.631E-08
   11.55   181.853   584.939   201.543  0.318E+11  0.634E-08
   11.60   182.711   587.617   202.453  0.318E+11  0.637E-08
   11.65   183.570   590.294   203.362  0.318E+11  0.640E-08
   11.70   184.428   592.972   204.272  0.318E+11  0.643E-08
   11.75   185.286   595.650   205.182  0.318E+11  0.645E-08
   11.80   186.145   598.327   206.091  0.318E+11  0.648E-08
   11.85   187.003   601.005   207.001  0.318E+11  0.651E-08
   11.90   187.862   603.682   207.910  0.318E+11  0.654E-08
   11.95   188.720   606.360   208.820  0.318E+11  0.657E-08
   12.00   189.578   609.038   209.730  0.318E+11  0.660E-08
   12.05   190.437   611.715   210.639  0.318E+11  0.663E-08
   12.10   191.295   614.393   211.549  0.318E+11  0.665E-08
   12.15   192.153   617.071   212.459  0.318E+11  0.668E-08
   12.20   193.012   619.748   213.368  0.318E+11  0.671E-08
   12.25   193.870   622.426   214.278  0.318E+11  0.674E-08
   12.30   194.729   625.104   215.188  0.318E+11  0.677E-08
   12.35   195.587   627.781   216.097  0.318E+11  0.680E-08
   12.40   196.445   630.459   217.007  0.318E+11  0.683E-08
   12.45   197.304   633.136   217.916  0.318E+11  0.685E-08
   12.50   198.162   635.814   218.826  0.318E+11  0.688E-08
   12.55   199.020   638.492   219.736  0.318E+11  0.691E-08
   12.60   199.879   641.169   220.645  0.318E+11  0.694E-08
   12.65   200.737   643.847   221.555  0.318E+11  0.697E-08
   12.70   201.596   646.525   222.465  0.318E+11  0.700E-08
   12.75   202.454   649.202   223.374  0.318E+11  0.703E-08
   12.80   203.312   651.880   224.284  0.318E+11  0.706E-08
   12.85   204.171   654.558   225.193  0.318E+11  0.708E-08
   12.90   205.029   657.235   226.103  0.318E+11  0.711E-08
   12.95   205.887   659.913   227.013  0.318E+11  0.714E-08
   13.00   206.746   662.591   227.922  0.318E+11  0.717E-08
   13.05   207.604   665.268   228.832  0.318E+11  0.720E-08
   13.10   208.463   667.946   229.742  0.318E+11  0.723E-08
   13.15   209.321   670.623   230.651  0.318E+11  0.726E-08
   13.20   210.179   673.301   231.561  0.318E+11  0.728E-08
   13.25   211.038   675.979   232.471  0.318E+11  0.731E-08
   13.30   211.896   678.656   233.380  0.318E+11  0.734E-08
   13.35   212.754   681.334   234.290  0.318E+11  0.737E-08
   13.40   213.613   684.012   235.199  0.318E+11  0.740E-08
   13.45   214.471   686.689   236.109  0.318E+11  0.743E-08
   13.50   215.330   689.367   237.019  0.318E+11  0.746E-08
   13.55   216.188   692.045   237.928  0.318E+11  0.748E-08
   13.60   217.046   694.722   238.838  0.318E+11  0.751E-08
   13.65   217.905   697.400   239.748  0.318E+11  0.754E-08
   13.70   218.763   700.077   240.657  0.318E+11  0.757E-08
   13.75   219.621   702.755   241.567  0.318E+11  0.760E-08
   13.80   220.480   705.433   242.476  0.318E+11  0.763E-08
   13.85   221.338   708.110   243.386  0.318E+11  0.766E-08
   13.90   222.197   710.788   244.296  0.318E+11  0.768E-08
   13.95   223.055   713.466   245.205  0.318E+11  0.771E-08
   14.00   223.913   716.143   246.115  0.318E+11  0.774E-08
   14.05   224.772   718.821   247.025  0.318E+11  0.777E-08
   14.10   225.630   721.499   247.934  0.318E+11  0.780E-08
   14.15   226.488   724.176   248.844  0.318E+11  0.783E-08
   14.20   227.347   726.854   249.754  0.318E+11  0.786E-08
   14.25   228.205   729.532   250.663  0.318E+11  0.788E-08
   14.30   229.064   732.209   251.573  0.318E+11  0.791E-08
   14.35   229.922   734.887   252.482  0.318E+11  0.794E-08
   14.40   230.780   737.564   253.392  0.318E+11  0.797E-08
   14.45   231.639   740.242   254.302  0.318E+11  0.800E-08
   14.50   232.497   742.920   255.211  0.318E+11  0.803E-08
   14.55   233.355   745.597   256.121  0.318E+11  0.806E-08
   14.60   234.214   748.275   257.031  0.318E+11  0.809E-08
   14.65   235.072   750.953   257.940  0.318E+11  0.811E-08
   14.70   235.931   753.630   258.850  0.318E+11  0.814E-08
   14.75   236.789   756.308   259.760  0.318E+11  0.817E-08
   14.80   237.647   758.986   260.669  0.318E+11  0.820E-08
   14.85   238.506   761.663   261.579  0.318E+11  0.823E-08
   14.90   239.364   764.341   262.488  0.318E+11  0.826E-08
   14.95   240.222   767.018   263.398  0.318E+11  0.829E-08
   15.00   241.081   769.696   264.308  0.318E+11  0.831E-08
